<?xml version="1.0"?>
<opencv_storage>
<features type_id="opencv-matrix">
  <rows>7</rows>
  <cols>128</cols>
  <dt>f</dt>
  <data>
    -2.56461538e-02 4.24930491e-02 -1.09598160e-01 1.17366485e-01
    1.62955374e-01 -2.44296715e-02 -1.08183719e-01 9.64161940e-03
    8.46819729e-02 1.26293868e-01 3.45016196e-02 -4.52546142e-02
    1.20158963e-01 -2.61944942e-02 -7.15448847e-03 -1.09757580e-01
    -9.42256451e-02 -9.55431312e-02 3.80937494e-02 3.53675382e-03
    -1.70225557e-02 7.04963459e-03 -1.57898203e-01 -9.38889980e-02
    6.12539351e-02 1.80739034e-02 -1.92347579e-02 7.35131949e-02
    1.43037975e-01 9.69550759e-02 8.88604298e-02 1.63252234e-01
    -8.42207521e-02 7.13648498e-02 3.32530995e-04 1.40669540e-01
    -3.18867341e-03 -4.98943329e-02 -7.38100260e-02 4.83149923e-02
    -1.02540135e-01 -3.24792080e-02 -6.44142479e-02 3.95130366e-02
    2.20015272e-02 -4.98750880e-02 -2.26623237e-01 8.08252469e-02
    -6.75502717e-02 -3.81558724e-02 6.29727691e-02 -2.48252824e-02
    4.93487418e-02 -7.13004321e-02 -3.17487791e-02 1.29892500e-02
    -4.09688428e-02 5.27109168e-02 -7.60444924e-02 -6.46269470e-02
    5.72155863e-02 1.41627342e-01 -1.03817604e-01 -1.03372008e-01
    -1.65690556e-01 -1.62763581e-01 9.36483666e-02 1.10217914e-01
    -4.24195752e-02 2.91088670e-02 -8.82683173e-02 5.09335101e-02
    7.10219145e-02 8.64238739e-02 1.91248246e-02 5.65738976e-02
    -7.96860456e-02 8.08523968e-02 8.11750069e-02 1.57306999e-01
    -7.39579052e-02 1.42469227e-01 9.34653264e-03 -3.53877135e-02
    7.93200508e-02 1.15003206e-01 -6.58374885e-03 -7.96339959e-02
    -4.98979166e-02 -1.90063193e-01 6.93465844e-02 1.60095438e-01
    -1.51442930e-01 -1.24626316e-01 8.79985839e-02 8.44019130e-02
    7.23234117e-02 2.29248218e-02 -1.59537524e-03 4.02777689e-03
    4.23879847e-02 7.12249950e-02 2.88691223e-02 4.43766490e-02
    -6.32476509e-02 4.77651544e-02 5.01033254e-02 2.39160478e-01
    -1.39041871e-01 1.07416742e-01 4.80259359e-02 -8.23020115e-02
    -9.73875448e-02 1.70763228e-02 1.97247453e-02 -9.75446776e-02
    -1.07763231e-01 -1.60468385e-01 1.25433698e-01 6.80162758e-02
    -3.91091108e-02 -5.78360679e-03 -7.43260011e-02 3.09708226e-03
    1.02757268e-01 9.62555688e-03 1.10649727e-01 1.09082181e-02
    -6.37797192e-02 -3.76526490e-02 2.08223555e-02 9.01080072e-02
    8.15094113e-02 -9.78054404e-02 4.24381569e-02 2.56380532e-02
    -1.36589721e-01 4.95177787e-03 -2.28762385e-02 4.93468046e-02
    -7.88288414e-02 2.94755995e-02 -1.02178626e-01 -5.68866543e-02
    1.68535504e-02 -2.30643570e-01 9.97805893e-02 -1.02041960e-01
    -9.80375782e-02 -4.53619519e-03 2.23064553e-02 1.46690262e-02
    8.24099034e-02 -3.08369063e-02 -8.75250325e-02 2.70778630e-02
    1.54525802e-01 6.09332230e-03 -1.30652010e-01 1.37534559e-01
    1.61007151e-01 -8.06591287e-03 -1.62624419e-02 9.73597020e-02
    -9.79814008e-02 2.25025956e-02 -1.35339156e-01 2.67551858e-02
    2.20435578e-02 -2.17552498e-01 -6.73824325e-02 -2.41919095e-03
    -7.76861608e-02 1.15011204e-02 -1.22280620e-01 1.93584129e-01
    1.15165614e-01 -1.33843333e-01 -6.49583265e-02 -1.81989546e-03
    -1.42827258e-01 -2.42479607e-01 -4.36498597e-02 -7.13843331e-02
    -3.30339484e-02 8.05145204e-02 8.91233832e-02 1.63192928e-01
    6.80847615e-02 -7.61372373e-02 -2.20050439e-02 -1.66243818e-02
    -1.06378779e-01 8.76633376e-02 1.46750972e-01 -9.01984610e-03
    -2.36197170e-02 1.03929758e-01 -1.01010390e-01 -1.26936110e-02
    1.03885613e-01 -1.03543401e-01 -1.67699561e-01 -2.81763896e-02
    -1.00121446e-01 2.98065338e-02 4.64622229e-02 1.60358518e-01
    -3.60993780e-02 3.25091444e-02 -1.27816916e-01 3.97773497e-02
    -5.32866903e-02 1.59657747e-01 -5.74799031e-02 -1.71302240e-02
    -5.32202423e-02 2.14856695e-02 -4.63925265e-02 8.31398368e-02
    5.68482876e-02 4.77401167e-03 1.05956711e-01 1.26129091e-01
    -1.04020961e-01 -9.51253623e-03 -3.34185399e-02 9.00400206e-02
    6.09456841e-03 3.23098227e-02 -7.86437690e-02 8.95986781e-02
    1.44769717e-02 -1.43784136e-02 -6.06572116e-03 5.94076887e-02
    1.25032619e-01 -1.11207969e-01 -1.25050724e-01 -1.67668119e-01
    -1.02810703e-01 2.36976463e-02 2.81370319e-02 7.16755986e-02
    7.04957247e-02 5.60539737e-02 -4.97058071e-02 -4.03468916e-03
    8.34571123e-02 -2.39905179e-03 9.53623578e-02 -3.83764729e-02
    3.97519954e-02 5.40805161e-02 -3.71794158e-04 -8.07436332e-02
    5.95518611e-02 1.85610987e-02 7.26707205e-02 -4.65415157e-02
    5.39890006e-02 3.98881873e-03 -1.10666044e-01 1.57378286e-01
    -6.22146353e-02 -1.36663482e-01 1.17890529e-01 4.24631611e-02
    3.74572650e-02 -8.33283067e-02 -1.36572160e-02 -5.10853678e-02
    2.61090510e-02 -7.99387991e-02 1.35994151e-01 -9.61552607e-04
    -3.77780981e-02 -9.95615795e-02 -6.04108833e-02 6.28320575e-02
    3.78496386e-02 -3.59235257e-02 5.08774184e-02 -6.34159073e-02
    -1.33159861e-01 5.30169532e-02 8.54159333e-03 1.23572797e-01
    1.85122695e-02 6.82259798e-02 4.31764420e-05 1.33112043e-01
    8.44848379e-02 8.33865330e-02 1.56852916e-01 -5.82706146e-02
    4.27395776e-02 4.09632828e-03 3.52160446e-02 -2.16999208e-04
    -6.63695112e-02 -1.04142182e-01 9.76853222e-02 -1.90964669e-01
    -7.82403920e-04 8.27068985e-02 -3.97985652e-02 -4.19137031e-02
    6.11546449e-02 2.51526362e-03 -3.98628265e-02 -8.58953297e-02
    -1.36649475e-01 -8.51947144e-02 -1.03452839e-02 1.09528214e-01
    -4.60459143e-02 6.82154521e-02 1.15949742e-01 -2.92343851e-02
    -9.75649431e-02 -9.14632529e-02 3.43615673e-02 4.28557470e-02
    -1.40983567e-01 -1.18760519e-01 -1.28014013e-01 -1.22193851e-01
    8.50682706e-02 7.64464086e-04 7.22805783e-02 -1.25691682e-01
    -5.09063415e-02 8.52528289e-02 -2.23269798e-02 -6.14276081e-02
    -1.53054103e-01 -9.33257416e-02 4.42038253e-02 2.04188943e-01
    -1.18159585e-01 6.13524877e-02 -6.10328205e-02 -5.74049018e-02
    5.45218773e-02 -1.05700210e-01 6.72498345e-02 8.95147696e-02
    -8.57666954e-02 -2.06051618e-01 2.02900171e-01 -2.13149618e-02
    -5.91986217e-02 8.92533734e-02 -1.01385981e-01 1.16040029e-01
    -4.52158526e-02 8.48850012e-02 1.37246937e-01 -5.38318940e-02
    2.31199525e-02 5.06811868e-03 1.43561900e-01 1.89670727e-01
    -2.47687101e-02 8.67503211e-02 2.46748924e-02 -5.46198301e-02
    3.01877670e-02 2.11400446e-02 9.65672955e-02 4.57651392e-02
    -1.92806944e-02 -2.89172437e-02 6.00996353e-02 1.19801290e-01
    8.40120837e-02 1.74704015e-01 9.05932412e-02 -1.47189438e-01
    -5.51225394e-02 4.06264141e-02 2.87998039e-02 1.05905116e-01
    -8.88089091e-02 -3.16607915e-02 -1.83942676e-01 3.19387857e-03
    1.90333973e-04 6.77214861e-02 -9.40107033e-02 7.62880072e-02
    -8.54920000e-02 -2.10425090e-02 -4.46935277e-03 -1.74582109e-01
    -2.10973307e-01 -6.70919865e-02 8.43617972e-03 4.61895615e-02
    9.53724980e-02 -1.35472223e-01 2.16605365e-02 -4.21940163e-02
    -7.42883608e-02 2.62703262e-02 7.46572390e-02 -3.00617479e-02
    2.42201790e-01 -3.31797563e-02 6.24915119e-03 -2.94756936e-03
    2.76669394e-02 -2.88663320e-02 1.26335979e-01 -8.60569719e-03
    -1.18124664e-01 -7.06661493e-02 8.68586451e-02 -1.06267706e-02
    -1.53776174e-02 -6.67082295e-02 3.51170674e-02 -8.90463814e-02
    -5.95768318e-02 -1.19493343e-04 9.81137902e-02 -1.44363523e-01
    9.71123725e-02 1.83865800e-01 4.47929949e-02 -7.26386765e-03
    1.25381658e-02 4.99249958e-02 -1.37929425e-01 -5.81765845e-02
    -1.38406167e-02 4.92987363e-03 -2.96757482e-02 2.06477456e-02
    7.78416172e-02 -2.18720715e-02 1.53342381e-01 -1.08239138e-02
    -1.31078407e-01 -7.82835037e-02 8.57985243e-02 -5.15690036e-02
    4.21226360e-02 -8.97658542e-02 2.57825069e-02 1.67761058e-01
    -6.30815402e-02 -2.04776395e-02 -6.15036972e-02 1.69790328e-01
    3.17535140e-02 1.27642043e-02 -2.42707543e-02 2.32919846e-02
    -1.00057304e-01 -5.58559932e-02 -1.13128319e-01 6.94974884e-02
    -1.89420491e-01 3.83615755e-02 6.79584071e-02 9.25784260e-02
