<?xml version="1.0"?>
<opencv_storage>
<features type_id="opencv-matrix">
  <rows>12</rows>
  <cols>128</cols>
  <dt>f</dt>
  <data>
    -2.57579461e-02 6.25077486e-02 -7.48680010e-02 1.13109343e-01
    1.61665514e-01 -3.09047643e-02 -1.07612774e-01 -1.09504992e-02
    7.80708417e-02 1.10852771e-01 3.35158519e-02 -7.04302415e-02
    1.33090898e-01 -3.10979337e-02 -1.96708348e-02 -1.12221509e-01
    -9.13487822e-02 -8.15277174e-02 5.65365851e-02 -2.25141067e-02
    -1.56959277e-02 1.38679752e-02 -1.64537758e-01 -9.84122753e-02
    4.94219512e-02 -9.59993619e-03 -3.34459683e-03 6.56106621e-02
    1.36112347e-01 7.65680149e-02 8.60521644e-02 1.99395791e-01
    -1.06455259e-01 8.97802785e-02 8.84409435e-03 1.39593214e-01
    2.68356390e-02 -5.98450266e-02 -8.75123963e-02 3.81411053e-02
    -1.04654826e-01 -4.97150943e-02 -7.56934881e-02 4.48656417e-02
    5.29770814e-02 -5.19592538e-02 -2.48657241e-01 8.68416131e-02
    -6.27899766e-02 -4.97902408e-02 4.72861528e-02 -3.18522118e-02
    2.60528252e-02 -8.21593627e-02 -2.13818736e-02 -6.74174447e-03
    -2.12841853e-02 2.10890528e-02 -7.11077824e-02 -5.42331859e-02
    5.18475436e-02 1.58078000e-01 -1.15025744e-01 -9.03979763e-02
    -1.45531684e-01 -1.61979809e-01 8.22375193e-02 1.17167205e-01
    -1.63538400e-02 4.14997339e-02 -9.90865603e-02 3.67606170e-02
    5.88758998e-02 9.15981382e-02 1.71989761e-02 5.52642085e-02
    -8.36386159e-02 6.55851886e-02 9.22682807e-02 1.68626443e-01
    -9.35544968e-02 1.28521845e-01 -2.02223961e-03 -4.30691950e-02
    6.74488544e-02 1.03789560e-01 2.22215276e-05 -8.46044868e-02
    -3.71235795e-02 -2.02270210e-01 6.94419295e-02 1.58818617e-01
    -1.36962995e-01 -1.26063019e-01 8.21254998e-02 1.02071144e-01
    7.28111640e-02 4.91351588e-03 1.02431895e-02 1.43282686e-03
    3.69983017e-02 6.36379048e-02 2.51982342e-02 3.71110477e-02
    -4.90606315e-02 4.91381325e-02 5.71001731e-02 2.39666030e-01
    -1.15135245e-01 9.90741774e-02 3.21354195e-02 -7.11689219e-02
    -9.89767462e-02 3.20787877e-02 2.23087091e-02 -9.91059542e-02
    -1.10200010e-01 -1.41816497e-01 9.84440222e-02 5.17844819e-02
    -1.40341688e-02 -2.40890514e-02 -7.90247098e-02 -2.59623453e-02
    1.09925836e-01 4.08754349e-02 1.00925207e-01 2.39662994e-02
    -4.95637506e-02 -4.32983078e-02 4.88812290e-02 9.16885734e-02
    8.45715851e-02 -1.33056879e-01 4.77030426e-02 4.48529944e-02
    -1.33478582e-01 -1.39404042e-02 -1.33017562e-02 2.63117179e-02
    -5.94676025e-02 2.63828337e-02 -9.35544968e-02 -4.83412370e-02
    2.71951053e-02 -2.27045998e-01 8.79214108e-02 -7.92738199e-02
    -1.17479250e-01 -2.15857588e-02 5.25317900e-03 -9.50703677e-03
    9.49596688e-02 -3.53696011e-02 -9.65816081e-02 2.65010055e-02
    1.57543525e-01 -6.90227048e-03 -1.06671534e-01 1.41072482e-01
    1.61073133e-01 -2.22989768e-02 -1.67595390e-02 9.24271718e-02
    -9.86083001e-02 4.64207456e-02 -1.26427054e-01 2.58212276e-02
    3.56580480e-03 -2.09248483e-01 -7.14902878e-02 -2.33322177e-02
    -7.61716440e-02 3.07915322e-02 -1.14917129e-01 1.95799217e-01
    1.00604124e-01 -9.90396887e-02 -5.87257780e-02 -1.76985022e-02
    -1.28901720e-01 -2.58460760e-01 -4.32727262e-02 -8.88463855e-02
    -3.30236666e-02 8.24851915e-02 1.03476234e-01 1.74665719e-01
    6.49664178e-02 -6.43179193e-02 -1.95404794e-02 -3.78888659e-02
    -1.00592054e-01 8.95165503e-02 1.45814940e-01 1.13185951e-02
    -1.78076494e-02 8.98031965e-02 -1.13975398e-01 1.27178654e-02
    7.69299492e-02 -1.10923797e-01 -1.75028563e-01 -1.70607045e-02
    -9.77733806e-02 3.71751189e-02 4.97157201e-02 1.49028614e-01
    -2.40887329e-02 2.67066825e-02 -1.34224072e-01 2.82249395e-02
    -5.42755648e-02 1.74621314e-01 -5.51571548e-02 -2.16419473e-02
    -6.52419105e-02 -4.34880611e-03 -5.24953753e-02 7.54341483e-02
    5.40534034e-02 -9.96041670e-03 1.23911932e-01 1.19057693e-01
    -1.38936251e-01 -1.59401949e-02 -4.06851619e-02 9.56869721e-02
    9.70937405e-03 1.63319223e-02 -8.31653550e-02 7.99596459e-02
    2.03222632e-02 -1.72388274e-02 1.47716352e-03 3.55092809e-02
    1.04252703e-01 -9.25807729e-02 -1.08795345e-01 -1.47061154e-01
    -9.25636441e-02 4.23776880e-02 6.03578128e-02 9.02017206e-02
    6.53429553e-02 5.38089164e-02 -6.01336397e-02 1.97430421e-03
    9.38373283e-02 1.46203535e-02 1.07356168e-01 -7.11579472e-02
    1.92578547e-02 4.79630195e-02 -5.63497702e-03 -9.15366113e-02
    4.07746881e-02 2.44465265e-02 7.02095926e-02 -6.56806901e-02
    5.73670380e-02 5.66088420e-04 -1.10529572e-01 1.65887669e-01
    -5.58942594e-02 -1.75566345e-01 1.25963196e-01 6.92075584e-03
    2.61480715e-02 -1.01242669e-01 3.32479802e-04 -3.45316157e-03
    1.49723049e-02 -7.02832416e-02 1.18184924e-01 1.30048105e-02
    -3.99485789e-02 -9.08572525e-02 -5.80781028e-02 4.79029268e-02
    5.50609902e-02 -6.06844537e-02 3.32723819e-02 -5.92450537e-02
    -1.42216772e-01 5.22714555e-02 1.20940823e-02 1.36765197e-01
    2.18394287e-02 8.14722180e-02 5.30867092e-03 1.20826013e-01
    8.45510140e-02 1.01987176e-01 1.41522259e-01 -6.92004114e-02
    2.83852257e-02 -1.39455516e-02 4.30870289e-03 -5.56259183e-03
    -4.90174815e-02 -8.69939923e-02 7.84377307e-02 -1.91569865e-01
    -4.42241319e-03 7.85721242e-02 -9.88488831e-03 -1.91626158e-02
    6.11714385e-02 4.98882821e-03 -6.32463545e-02 -9.72677991e-02
    -1.49655253e-01 -7.71997124e-02 -4.53777052e-03 9.67161581e-02
    -2.92031355e-02 7.60710239e-02 1.10904858e-01 -5.68833612e-02
    -1.24266841e-01 -9.79906768e-02 -4.62172041e-03 6.98245168e-02
    -1.41849592e-01 -1.09195530e-01 -1.30341455e-01 -1.44310653e-01
    7.67329708e-02 -8.81499331e-03 1.02403320e-01 -1.05303705e-01
    -3.21241058e-02 8.31627920e-02 -6.38461811e-03 -8.15487579e-02
    -1.79038927e-01 -8.93235356e-02 5.46186641e-02 2.15696067e-01
    -9.36191082e-02 8.14868510e-02 -5.05999848e-02 -5.08802198e-02
    4.64521907e-02 -1.01129621e-01 4.02846634e-02 8.70389938e-02
    -8.78177658e-02 -1.97085783e-01 1.97990760e-01 -4.47462173e-03
    -4.30532880e-02 7.57960752e-02 -9.60210860e-02 1.08116098e-01
    -5.38801774e-02 9.27001089e-02 1.40931547e-01 -8.15378800e-02
    1.82030741e-02 1.64092071e-02 1.47273585e-01 1.85636580e-01
    -2.02906337e-02 7.42337480e-02 2.40990836e-02 -6.11132346e-02
    3.47739682e-02 -8.40383465e-04 7.96916485e-02 3.20459753e-02
    -5.52955270e-03 -4.02273089e-02 6.47030622e-02 1.37135863e-01
    6.26506954e-02 1.44332364e-01 8.03336054e-02 -1.33006841e-01
    -5.27629592e-02 1.91153158e-02 6.23541735e-02 1.13154061e-01
    -6.73892200e-02 6.59647360e-02 -1.21043846e-01 -6.68307841e-02
    1.56587377e-01 8.65065232e-02 3.69891268e-03 -1.47987440e-01
    9.84107554e-02 3.38974223e-02 9.97922271e-02 1.21647894e-01
    -8.02174583e-02 -1.37564823e-01 2.65928730e-02 -1.37194663e-01
    -1.18980750e-01 5.28939851e-02 -7.75214434e-02 -8.42652097e-02
    -5.32652950e-03 -8.71647671e-02 8.39302838e-02 -2.29426287e-02
    -4.56431955e-02 4.00029868e-03 3.09496447e-02 7.19387531e-02
    -7.05747902e-02 -7.87455440e-02 1.48655966e-01 -6.02441765e-02
    -1.69070229e-01 1.02131605e-01 1.04001604e-01 2.28693150e-02
    -1.40837196e-03 8.87835920e-02 1.26776814e-01 5.85732535e-02
    2.06034556e-01 -3.86873633e-02 -2.83699803e-04 2.07595602e-02
    1.43572893e-02 5.84961884e-02 -3.88921052e-02 1.44247904e-01
    6.03319854e-02 -4.99005727e-02 -3.42178941e-02 -1.14203528e-01
    -3.97532322e-02 -4.32850420e-02 -2.20795423e-01 5.55652604e-02
    -1.26590073e-01 -3.98046300e-02 1.46072492e-01 -4.57270769e-03
    -1.26682827e-02 -1.45411864e-01 3.81611064e-02 6.49664178e-02
    7.52147213e-02 -3.36042792e-02 -3.71862762e-02 9.16927904e-02
    1.14128739e-02 1.76127419e-01 1.37341197e-03 1.61010306e-02
    1.73195880e-02 -2.01733112e-02 2.67128809e-03 7.51410704e-03
    -5.14547166e-04 5.33823632e-02 -4.10552360e-02 -6.89615458e-02
    -3.50500643e-02 1.15240961e-01 4.17248830e-02 -8.60895142e-02
